pid,bid,bid_count
1,0,5
1,3,5
1,1,1
2,2,10
2,0,4
2,3,3
2,1,2
3,2,7
3,0,6
3,3,2
3,1,1
4,1,6
4,0,5
4,2,4
5,1,7
5,2,7
5,3,5
5,0,3
6,0,6
6,2,4
6,1,3
6,3,3
7,1,8
7,0,5
7,2,4
7,3,1
8,2,7
8,1,6
8,0,2
8,3,2
9,2,8
9,1,5
9,0,3
9,3,1
10,2,8
10,3,7
10,1,5
11,0,9
11,2,6
11,3,3
11,1,1
12,0,9
12,1,4
12,2,4
13,0,6
13,2,6
13,1,5
13,3,1
14,2,5
14,0,4
14,1,3
15,2,8
15,0,3
15,1,3
15,3,2
16,0,6
16,1,5
16,2,3
16,3,3
17,0,8
17,2,3
18,2,8
18,1,5
18,0,2
18,3,2
19,1,6
19,2,5
19,3,4
19,0,3
20,0,15
20,1,4
20,2,1
21,2,8
21,0,6
21,1,4
21,3,2
22,3,8
22,2,5
22,0,4
23,2,12
23,3,4
23,0,2
23,1,2
24,0,9
24,1,4
24,2,2
24,3,1
25,1,6
25,0,5
25,2,5
25,3,3
26,0,10
26,1,5
26,3,3
26,2,1
27,0,6
27,1,4
27,2,4
27,3,2
28,2,7
28,1,5
28,0,3
28,3,2
29,3,8
29,1,6
29,2,6
29,0,1
30,2,7
30,0,5
30,3,3
30,1,2
31,2,8
31,1,4
31,0,3
31,3,3
32,0,12
32,1,5
32,2,2
33,2,12
33,1,4
33,3,3
33,0,2
34,2,12
34,0,3
34,1,3
34,3,2
35,1,7
35,2,6
35,3,5
35,0,3
36,0,6
36,2,6
36,1,5
36,3,1
37,2,6
37,3,5
37,1,4
37,0,3
38,0,11
38,1,4
38,2,2
38,3,1
39,0,4
39,2,3
39,1,1
39,3,1
40,0,6
40,1,5
40,2,5
41,2,7
41,3,6
41,0,5
41,1,3
42,0,6
42,3,6
42,2,4
42,1,3
43,2,7
43,3,7
43,0,2
43,1,2
44,0,12
44,1,2
44,2,1
44,3,1
45,1,7
45,2,4
45,0,3
45,3,3
46,0,10
46,2,4
46,1,1
47,2,6
47,0,5
47,1,2
47,3,2
48,0,10
48,1,6
48,2,2
49,2,9
49,1,7
49,0,4
49,3,2
50,1,7
50,0,4
50,2,3
50,3,2
51,1,6
51,0,5
51,2,4
51,3,1
52,0,9
52,1,5
52,2,4
53,0,12
53,1,3
53,2,2
53,3,1
54,0,7
54,1,5
54,2,4
54,3,1
55,1,7
55,0,6
55,2,4
55,3,4
56,2,7
56,0,6
56,1,2
56,3,2
57,0,6
57,1,4
57,2,3
57,3,2
58,2,9
58,0,5
58,1,2
58,3,1
59,0,8
59,2,7
59,1,4
59,3,3
60,0,6
60,2,3
60,1,2
61,1,8
61,2,7
61,0,3
61,3,2
62,0,11
62,1,8
63,2,6
63,0,5
63,1,3
64,0,7
64,1,4
64,2,3
65,0,14
65,1,2
65,3,1
66,2,7
66,1,5
66,0,4
66,3,1
67,0,12
67,1,6
68,0,8
68,1,6
68,2,5
69,2,7
69,1,5
69,0,3
69,3,3
70,2,8
70,0,6
70,1,3
71,1,8
71,2,6
71,0,3
71,3,1
72,1,9
72,2,4
72,0,3
72,3,2
73,1,7
73,2,6
73,0,5
73,3,3
74,0,5
74,1,5
74,2,3
74,3,2
75,1,9
75,2,6
75,0,5
75,3,1
76,0,6
76,1,5
76,3,5
76,2,4
77,0,9
77,2,9
77,1,2
77,3,2
78,0,8
78,1,4
78,2,4
78,3,4
79,0,7
79,2,6
79,1,3
79,3,3
80,0,7
80,1,5
80,3,4
80,2,3
81,0,8
81,2,7
81,1,4
81,3,3
82,0,8
82,1,4
82,2,3
83,2,7
83,1,6
83,0,5
84,0,8
84,1,3
84,2,3
84,3,2
85,0,11
85,2,5
85,3,2
85,1,1
86,0,9
86,1,8
86,2,2
87,0,7
87,1,6
87,2,4
88,1,9
88,0,5
88,2,4
88,3,3
89,2,10
89,1,3
89,3,3
90,0,13
90,2,3
90,1,1
91,0,7
91,2,6
91,1,4
91,3,1
92,2,7
92,1,4
92,3,4
92,0,3
93,0,6
93,1,5
93,2,4
93,3,4
94,0,7
94,1,6
94,2,4
94,3,2
95,1,8
95,2,6
95,3,4
95,0,3
96,0,7
96,1,5
96,3,5
96,2,4
97,0,9
97,1,3
97,2,3
98,2,8
98,0,6
98,3,4
98,1,3
99,0,12
99,1,3
99,2,1
99,3,1
100,0,5
100,2,3
100,1,2
100,3,1
101,2,9
101,1,4
101,3,4
102,0,13
102,2,3
102,3,3
102,1,1
103,1,10
103,3,5
103,2,3
103,0,2
104,0,7
104,1,5
104,2,5
104,3,4
105,2,8
105,0,6
105,3,4
105,1,2
106,1,7
106,2,6
106,0,3
106,3,2
107,0,8
107,1,3
107,2,3
107,3,2
108,1,7
108,2,5
108,3,4
108,0,3
109,0,6
109,1,6
109,2,3
110,3,8
110,2,7
110,0,3
110,1,1
111,0,9
111,1,8
111,2,3
112,3,7
112,1,6
112,2,6
112,0,3
113,2,9
113,1,4
113,3,3
113,0,1
114,0,12
114,1,8
114,2,1
114,3,1
115,2,8
115,0,6
115,1,5
115,3,2
116,2,7
116,0,5
116,1,4
116,3,1
117,2,8
117,1,6
117,3,3
118,2,6
118,0,5
118,3,4
118,1,3
119,0,7
119,1,5
119,3,4
119,2,3
120,0,8
120,1,4
120,2,4
120,3,1
121,0,5
121,1,5
121,2,3
121,3,1
122,0,10
122,1,6
122,2,6
122,3,1
123,0,6
123,2,5
123,1,3
123,3,3
124,1,7
124,2,4
124,3,4
124,0,2
125,2,5
125,3,5
125,0,4
125,1,4
126,2,10
126,3,4
126,0,3
126,1,1
127,2,7
127,1,5
127,0,3
127,3,1
128,0,9
128,1,6
128,3,3
128,2,1
129,2,8
129,0,4
129,1,4
129,3,4
130,2,7
130,1,5
130,3,4
130,0,3
131,1,8
131,0,6
131,3,2
132,0,8
132,2,7
132,1,4
133,0,8
133,1,5
133,2,5
133,3,2
134,0,11
134,1,4
134,2,3
134,3,1
135,1,9
135,2,4
135,3,4
135,0,1
136,3,9
136,2,4
136,0,3
136,1,3
137,0,7
137,1,7
137,2,2
137,3,2
138,0,8
138,2,6
138,3,4
138,1,1
139,2,9
139,1,5
139,0,4
139,3,2
140,0,8
140,2,7
140,1,4
140,3,3
141,0,6
141,1,5
141,2,3
141,3,1
142,2,6
142,0,4
142,1,4
142,3,1
143,0,5
143,3,5
143,1,4
143,2,4
144,1,5
144,0,4
144,2,4
144,3,4
145,2,7
145,0,3
145,3,1
146,2,8
146,0,4
146,1,2
146,3,2
147,2,7
147,0,3
147,3,3
147,1,2
148,3,9
148,2,6
148,1,2
148,0,1
149,0,10
149,2,7
149,1,4
150,3,9
150,2,8
150,0,3
150,1,2
151,0,10
151,1,4
151,2,3
151,3,1
152,2,8
152,1,5
152,0,3
152,3,2
153,0,7
153,2,6
153,1,3
153,3,2
154,0,11
154,1,6
154,2,5
155,2,7
155,0,6
155,1,6
155,3,2
156,0,11
156,1,5
156,2,5
157,0,5
157,1,4
157,3,3
157,2,2
158,2,8
158,1,7
158,3,3
158,0,2
159,0,5
159,1,5
159,2,4
159,3,4
160,0,10
160,1,7
160,2,3
160,3,2
161,1,8
161,3,7
161,2,4
161,0,2
162,0,7
162,1,5
162,3,2
162,2,1
163,2,6
163,0,4
163,3,4
163,1,3
164,2,10
164,1,8
164,0,2
165,2,9
165,1,5
165,0,4
165,3,1
166,0,6
166,1,5
166,3,5
166,2,3
167,2,8
167,3,6
167,1,5
167,0,1
168,1,7
168,0,4
168,2,4
168,3,3
169,0,10
169,1,5
169,2,5
169,3,3
170,2,10
170,0,4
170,1,4
170,3,4
171,1,9
171,2,6
171,0,4
171,3,2
172,2,8
172,3,5
172,0,3
172,1,2
173,0,7
173,1,7
173,2,5
173,3,1
174,0,7
174,1,6
174,2,4
174,3,2
175,0,9
175,3,4
175,2,3
175,1,2
176,2,6
176,1,5
176,3,3
176,0,2
177,2,8
177,1,4
177,0,2
177,3,2
178,2,8
178,3,6
178,0,4
178,1,2
179,0,6
179,1,5
179,2,4
179,3,2
180,2,6
180,0,3
180,3,2
180,1,1
181,2,8
181,1,5
181,0,4
182,0,7
182,1,6
182,2,5
182,3,1
183,2,8
183,1,5
183,3,3
183,0,2
184,0,7
184,2,5
184,1,4
184,3,1
185,1,6
185,2,5
185,0,4
185,3,3
186,2,6
186,1,5
186,0,4
186,3,3
187,0,8
187,1,5
187,2,5
187,3,5
188,0,12
188,1,4
188,3,2
188,2,1
189,1,10
189,2,4
189,0,2
189,3,2
190,2,5
190,0,3
190,1,3
191,0,6
191,2,5
191,1,3
191,3,2
192,2,10
192,1,8
192,0,1
192,3,1
193,0,9
193,2,6
193,1,5
193,3,1
194,0,14
194,2,5
194,1,3
195,0,11
195,1,4
195,2,2
196,2,7
196,1,6
196,0,3
196,3,1
197,2,8
197,1,5
197,3,5
197,0,2
198,0,6
198,2,6
198,3,5
198,1,2
199,0,6
199,1,6
199,2,3
199,3,2
200,2,13
200,1,4
200,3,3
201,2,8
201,3,5
201,0,3
201,1,2
202,0,6
202,1,5
202,2,2
202,3,1
203,0,7
203,2,6
203,1,5
203,3,1
204,0,12
204,1,2
204,2,2
204,3,1
205,0,9
205,2,5
205,1,4
205,3,1
206,2,8
206,0,3
206,1,3
207,2,8
207,1,6
207,0,4
207,3,2
208,0,13
208,1,2
208,2,1
208,3,1
209,2,7
209,0,6
209,3,3
209,1,2
210,2,10
210,0,3
210,1,3
210,3,1
211,3,7
211,1,6
211,2,6
211,0,3
212,1,6
212,3,6
212,2,5
212,0,2
213,3,10
213,2,6
213,0,4
213,1,1
214,0,7
214,3,5
214,2,4
214,1,3
215,2,4
215,0,2
215,1,1
216,0,5
216,1,3
216,2,3
216,3,1
217,0,6
217,1,4
217,2,3
217,3,1
218,0,7
218,2,6
218,1,1
218,3,1
219,2,10
219,3,6
219,1,3
219,0,1
220,2,9
220,3,6
220,1,4
220,0,2
221,1,6
221,0,5
221,2,4
221,3,2
222,1,10
222,0,5
222,3,3
222,2,2
223,0,7
223,1,4
223,2,4
223,3,2
224,1,5
224,2,5
224,3,4
224,0,3
225,2,12
225,0,3
225,3,1
226,1,5
226,0,4
226,2,4
226,3,4
227,2,6
227,0,5
227,1,4
227,3,2
228,0,4
228,2,4
228,3,3
228,1,2
229,2,8
229,1,4
229,3,4
229,0,2
230,0,7
230,1,6
230,2,5
230,3,3
231,3,11
231,2,5
231,0,1
231,1,1
232,3,7
232,2,5
232,0,4
232,1,4
233,0,7
233,1,6
233,2,2
233,3,1
234,1,7
234,0,5
234,2,4
234,3,2
235,0,7
235,2,7
235,1,6
236,2,14
236,3,4
236,0,1
237,0,6
237,1,5
237,2,5
237,3,3
238,0,12
238,2,4
238,3,3
238,1,2
239,2,8
239,0,6
239,1,3
239,3,3
240,2,9
240,3,6
240,0,4
240,1,1
241,1,7
241,3,6
241,2,5
241,0,1
242,0,6
242,1,5
242,2,3
243,2,6
243,0,5
243,3,4
243,1,2
244,2,8
244,0,6
244,1,2
245,2,11
245,0,3
245,1,3
245,3,1
246,0,7
246,2,5
246,1,4
246,3,3
247,2,9
247,3,5
247,0,4
247,1,1
248,3,10
248,2,6
248,0,3
248,1,2
249,1,8
249,2,5
249,0,4
249,3,2
250,0,11
250,3,5
250,2,2
250,1,1
251,2,7
251,3,6
251,0,5
251,1,5
252,0,5
252,1,5
252,2,4
252,3,1
253,0,5
253,1,5
253,2,5
253,3,4
254,0,7
254,1,6
254,2,3
255,0,5
255,1,4
255,2,3
255,3,2
256,1,8
256,2,7
256,3,4
257,0,7
257,1,4
257,2,2
257,3,1
258,0,12
258,1,4
258,3,3
258,2,2
259,1,7
259,0,6
259,3,5
259,2,2
260,2,9
260,0,4
260,3,4
260,1,3
261,1,6
261,2,6
261,0,5
261,3,3
262,2,7
262,3,6
262,1,5
262,0,3
263,0,8
263,1,7
263,2,5
263,3,1
264,1,8
264,0,5
264,3,2
264,2,1
265,0,11
265,2,6
265,1,5
265,3,1
266,2,9
266,0,5
266,1,3
266,3,3
267,2,9
267,1,7
267,0,2
267,3,2
268,1,9
268,0,5
268,3,4
268,2,2
269,0,9
269,1,4
269,2,4
269,3,2
270,2,10
270,3,5
270,0,3
270,1,2
271,0,13
271,2,4
271,1,3
272,2,6
272,0,5
272,1,3
272,3,3
273,0,5
273,1,4
273,3,4
273,2,1
274,0,8
274,1,8
274,3,2
274,2,1
275,3,5
275,0,4
275,1,4
275,2,3
276,2,7
276,3,7
276,0,5
276,1,1
277,0,13
277,1,3
277,2,1
278,1,9
278,0,5
278,2,4
278,3,1
279,0,7
279,2,7
279,1,5
280,2,7
280,1,6
280,3,4
280,0,3
281,2,9
281,1,7
281,3,3
281,0,1
282,2,10
282,0,6
282,1,5
282,3,1
283,1,10
283,2,6
283,0,2
283,3,2
284,0,12
284,2,3
284,1,1
285,0,11
285,1,3
285,2,1
285,3,1
286,0,6
286,3,6
286,1,3
286,2,3
287,0,9
287,2,5
287,3,2
287,1,1
288,2,8
288,3,7
288,1,3
288,0,2
289,2,8
289,0,6
289,1,4
289,3,1
290,0,5
290,2,5
290,3,5
290,1,3
291,0,7
291,1,5
291,3,2
291,2,1
292,0,10
292,1,4
292,2,1
293,3,8
293,2,4
293,0,3
293,1,2
294,0,7
294,1,5
294,2,5
295,0,10
295,1,5
295,2,3
296,2,9
296,1,6
296,0,2
297,2,7
297,0,5
297,3,4
298,0,6
298,3,4
298,1,3
298,2,3
299,1,6
299,2,6
299,3,3
299,0,2
300,2,6
300,1,5
300,0,4
300,3,2
301,0,5
301,3,5
301,1,3
301,2,3
302,2,8
302,0,4
302,1,3
302,3,3
303,0,10
303,2,6
303,1,4
303,3,2
304,0,7
304,1,5
304,2,3
304,3,2
305,1,9
305,0,6
305,2,5
305,3,1
306,1,6
306,2,5
306,3,4
306,0,3
307,0,13
307,1,3
308,0,9
308,2,6
308,1,3
309,2,7
309,0,4
309,1,4
309,3,3
310,1,8
310,0,6
310,2,5
310,3,3
311,0,8
311,1,4
311,2,4
311,3,2
312,2,4
312,0,2
312,1,2
312,3,2
313,2,9
313,0,6
313,1,3
313,3,2
314,2,12
314,1,4
314,0,3
315,2,7
315,0,5
315,1,4
316,2,7
316,1,6
316,3,4
316,0,3
317,2,7
317,1,6
317,0,5
317,3,4
318,2,8
318,0,7
318,1,3
318,3,2
319,0,4
319,2,4
319,1,1
320,2,6
320,1,4
320,3,3
320,0,2
321,1,10
321,0,5
321,2,5
321,3,2
322,0,6
322,2,6
322,1,1
322,3,1
323,1,5
323,0,4
323,3,4
323,2,3
324,0,11
324,1,6
324,2,1
325,0,9
325,2,4
325,1,3
325,3,1
326,2,8
326,0,4
326,1,4
326,3,4
327,2,11
327,0,6
327,1,2
327,3,1
328,3,6
328,1,4
328,2,3
328,0,2
329,0,9
329,1,7
329,2,6
329,3,1
330,2,6
330,3,6
330,0,3
330,1,2
331,0,6
331,1,5
331,2,3
331,3,1
332,2,8
332,0,4
332,1,3
332,3,3
333,1,9
333,0,5
333,2,3
333,3,1
334,0,8
334,2,7
334,3,3
334,1,1
335,3,8
335,0,4
335,1,4
335,2,3
336,0,7
336,1,7
336,2,6
336,3,1
337,3,8
337,2,6
337,0,3
337,1,3
338,3,6
338,0,4
338,1,4
338,2,4
339,0,6
339,2,6
339,1,4
339,3,1
340,2,6
340,1,4
340,3,4
340,0,3
341,1,12
341,0,6
341,2,4
341,3,1
342,2,9
342,1,5
342,0,4
342,3,4
343,0,12
343,1,2
343,2,2
343,3,1
344,0,9
344,1,4
344,2,2
345,0,6
345,2,4
345,1,3
345,3,2
346,1,6
346,0,5
346,2,4
346,3,4
347,0,8
347,1,3
347,2,1
348,3,7
348,2,6
348,1,5
349,0,6
349,1,5
349,2,4
349,3,4
350,2,8
350,3,5
350,1,4
351,3,7
351,2,6
351,0,4
351,1,3
352,0,6
352,2,6
352,3,2
352,1,1
353,3,6
353,0,4
353,1,4
353,2,4
354,0,5
354,2,5
354,1,4
354,3,2
355,0,11
355,1,5
355,2,3
356,2,9
356,1,7
356,0,5
356,3,1
357,0,6
357,2,6
357,1,4
357,3,3
358,2,9
358,3,6
358,1,4
358,0,1
359,2,6
359,0,5
359,1,5
359,3,1
360,0,8
360,1,5
360,2,3
361,0,5
361,2,4
361,3,4
361,1,3
362,2,7
362,1,6
362,0,4
362,3,3
363,2,8
363,3,5
363,0,4
363,1,2
364,0,6
364,3,5
364,2,4
364,1,3
365,1,7
365,0,6
365,2,6
366,1,10
366,2,3
366,0,2
366,3,2
367,0,10
367,2,5
367,1,3
367,3,1
368,0,12
368,1,4
368,2,3
369,0,6
369,2,6
369,1,4
369,3,3
370,3,6
370,2,5
370,0,4
370,1,1
371,1,9
371,2,3
371,3,3
371,0,2
372,0,7
372,2,7
372,1,3
372,3,3
373,0,9
373,1,7
373,2,1
374,1,7
374,2,7
374,0,3
374,3,1
375,0,6
375,2,5
375,3,4
375,1,2
376,2,8
376,1,6
376,0,4
376,3,1
377,1,5
377,0,4
377,2,3
377,3,1
378,0,5
378,2,5
378,1,4
378,3,1
379,0,7
379,2,4
379,1,3
379,3,3
380,1,8
380,2,4
380,3,4
380,0,1
381,1,9
381,0,4
381,2,4
381,3,3
382,2,8
382,0,5
382,1,3
382,3,1
383,0,6
383,2,4
383,1,3
383,3,3
384,0,5
384,1,5
384,3,3
384,2,1
385,2,8
385,0,6
385,3,6
385,1,1
386,0,9
386,2,8
386,1,2
386,3,1
387,0,7
387,2,3
387,1,1
388,0,7
388,1,6
388,2,4
388,3,1
389,2,6
389,0,4
389,1,3
389,3,2
390,0,7
390,2,7
390,1,4
390,3,1
391,0,7
391,2,5
391,3,2
391,1,1
392,2,7
392,1,4
392,3,3
392,0,2
393,2,8
393,0,5
393,1,3
393,3,2
394,0,7
394,1,5
394,2,5
394,3,4
395,2,10
395,0,5
395,1,2
395,3,2
396,0,5
396,1,5
396,2,3
396,3,2
397,1,7
397,0,6
397,2,5
398,0,9
398,2,6
398,1,4
398,3,1
399,0,9
399,2,2
399,1,1
400,2,10
400,0,6
400,1,2
400,3,2
401,0,6
401,1,6
401,2,6
401,3,1
402,2,10
402,1,3
402,0,2
402,3,1
403,2,6
403,3,6
403,0,5
403,1,4
404,2,7
404,1,6
404,0,3
404,3,2
405,0,7
405,1,6
405,2,5
405,3,1
406,3,7
406,1,6
406,2,6
406,0,1
407,2,10
407,1,6
407,0,2
407,3,2
408,2,10
408,1,5
408,0,2
409,0,12
409,1,4
409,2,4
409,3,1
410,0,8
410,1,7
410,2,3
410,3,1
411,2,5
411,3,5
411,0,3
411,1,3
412,0,7
412,1,5
412,2,4
412,3,4
413,0,8
413,2,7
413,1,3
413,3,1
414,3,9
414,2,6
414,0,3
414,1,2
415,2,7
415,3,4
415,0,3
415,1,3
416,0,5
416,1,5
416,2,5
416,3,2
417,2,9
417,3,4
417,0,3
417,1,3
418,0,7
418,1,6
418,2,3
419,1,7
419,0,6
419,2,4
419,3,1
420,2,6
420,0,5
420,1,2
420,3,2
421,0,12
421,1,4
421,2,1
421,3,1
422,0,9
422,1,5
422,2,2
422,3,2
423,0,7
423,1,6
423,2,6
423,3,1
424,0,11
424,2,2
424,3,2
424,1,1
425,0,10
425,2,6
425,1,3
425,3,1
426,3,8
426,2,7
426,1,5
426,0,2
427,0,11
427,1,5
427,2,5
428,0,7
428,2,5
428,1,4
428,3,1
429,0,14
429,1,8
429,2,1
430,2,6
430,1,5
430,0,4
430,3,4
431,2,7
431,1,6
431,0,5
431,3,3
432,1,8
432,2,4
432,3,4
432,0,3
433,2,9
433,1,5
433,3,4
433,0,3
434,2,6
434,0,5
434,1,5
434,3,2
435,0,10
435,2,4
435,1,2
435,3,1
436,2,9
436,1,8
436,3,6
437,0,6
437,2,6
437,1,4
437,3,1
438,2,8
438,0,5
438,1,5
438,3,1
439,0,11
439,2,4
439,1,2
440,0,8
440,2,7
440,1,3
440,3,1
441,2,8
441,0,6
441,1,3
441,3,1
442,2,8
442,0,4
442,1,4
442,3,3
443,1,6
443,3,5
443,0,4
443,2,4
444,2,6
444,1,4
444,3,4
444,0,2
445,0,6
445,2,5
445,1,3
445,3,2
446,0,12
446,1,5
446,2,3
447,0,11
447,1,3
447,2,2
447,3,1
448,2,9
448,1,7
448,0,5
448,3,2
449,1,6
449,0,3
449,2,3
449,3,3
450,1,6
450,2,6
450,0,5
450,3,1
451,0,6
451,1,5
451,3,5
451,2,3
452,1,7
452,2,5
452,0,3
452,3,1
453,1,5
453,2,5
453,3,4
453,0,1
454,1,5
454,2,5
454,3,3
454,0,2
455,2,8
455,3,7
455,0,2
455,1,1
456,2,6
456,1,4
456,3,3
456,0,2
457,0,10
457,1,2
457,2,2
457,3,1
458,1,6
458,2,6
458,0,4
459,1,7
459,2,5
459,0,4
459,3,2
460,0,7
460,2,4
460,3,2
461,1,9
461,0,8
461,2,3
462,0,10
462,1,2
462,2,1
463,0,6
463,1,5
463,2,3
463,3,2
464,2,14
464,0,3
464,3,3
464,1,2
465,1,7
465,2,7
465,0,4
465,3,2
466,2,8
466,1,4
466,0,3
466,3,2
467,0,7
467,2,5
467,1,3
467,3,1
468,1,6
468,0,5
468,3,4
468,2,3
469,1,10
469,3,6
469,2,4
469,0,1
470,0,8
470,1,7
470,2,4
470,3,1
471,2,8
471,0,6
471,3,3
471,1,1
472,0,4
472,2,2
472,1,1
473,0,6
473,3,5
473,1,4
473,2,4
474,3,7
474,0,6
474,2,6
474,1,1
475,3,8
475,2,7
475,1,3
475,0,1
476,0,7
476,2,7
476,1,4
476,3,4
477,0,16
477,1,4
477,2,1
478,0,9
478,1,4
478,2,3
478,3,1
479,0,7
479,1,7
479,2,5
479,3,2
480,1,8
480,0,6
480,2,4
481,0,11
481,1,5
481,3,3
481,2,1
482,1,9
482,0,5
482,2,3
482,3,2
483,0,8
483,2,4
483,1,2
484,0,7
484,2,6
484,3,6
484,1,2
485,0,8
485,1,1
485,2,1
485,3,1
486,1,5
486,3,5
486,0,3
486,2,3
487,3,8
487,1,7
487,2,3
487,0,1
488,0,11
488,1,5
488,2,2
489,0,8
489,1,5
489,2,5
489,3,3
490,2,7
490,3,6
490,1,5
490,0,2
491,2,10
491,1,4
491,0,2
491,3,2
492,2,8
492,0,5
492,1,5
492,3,4
493,1,10
493,0,9
493,2,1
493,3,1
494,1,8
494,2,5
494,0,4
494,3,2
495,2,5
495,3,5
495,0,4
495,1,3
496,2,8
496,0,4
496,1,3
496,3,2
497,2,10
497,0,5
497,1,3
498,2,8
498,0,6
498,1,3
498,3,1
499,1,5
499,0,4
499,2,3
500,1,7
500,0,4
500,2,2
500,3,2
501,0,6
501,1,5
501,3,2
501,2,1
502,0,4
502,1,4
502,2,4
502,3,2
503,2,6
503,1,5
503,0,4
503,3,2
504,0,7
504,2,6
504,1,4
504,3,1
505,0,10
505,1,4
505,2,3
505,3,2
506,1,6
506,3,6
506,0,4
506,2,4
507,0,14
507,2,4
507,1,2
507,3,1
508,0,6
508,1,4
508,2,4
508,3,1
509,2,8
509,3,4
509,0,2
509,1,2
510,1,7
510,0,5
510,2,3
510,3,1
511,2,9
511,1,4
511,3,3
511,0,2
512,0,9
512,1,3
512,2,3
513,3,10
513,1,5
513,0,2
513,2,2
514,0,6
514,2,5
514,1,3
514,3,1
515,0,15
515,1,2
515,3,2
515,2,1
516,0,7
516,1,4
516,2,3
517,0,9
517,2,5
517,3,3
517,1,2
518,0,7
518,2,7
518,1,4
518,3,3
519,1,8
519,2,8
519,0,2
519,3,1
520,0,4
520,2,4
520,3,3
520,1,1
521,2,11
521,3,3
521,0,2
521,1,2
522,2,10
522,0,5
522,3,4
522,1,2
523,0,9
523,2,4
523,1,3
523,3,2
524,0,5
524,1,4
524,2,4
524,3,4
525,1,8
525,0,4
525,2,3
526,0,6
526,1,4
526,2,3
526,3,3
527,0,11
527,1,7
527,2,1
528,2,6
528,3,6
528,0,5
528,1,5
529,1,5
529,0,4
529,2,3
529,3,1
530,2,9
530,0,7
530,1,3
530,3,3
531,1,6
531,2,6
531,3,5
531,0,4
532,0,5
532,2,4
532,3,4
532,1,3
533,2,10
533,3,5
533,1,2
533,0,1
534,2,9
534,3,7
534,0,1
534,1,1
535,3,9
535,2,7
535,0,3
535,1,1
536,2,6
536,0,5
536,1,4
536,3,3
537,2,9
537,1,5
537,0,3
537,3,2
538,0,12
538,2,6
538,1,3
538,3,1
539,0,8
539,1,7
539,2,3
539,3,1
540,2,10
540,1,4
540,0,2
540,3,2
541,0,7
541,2,7
541,1,4
541,3,1
542,0,11
542,1,5
542,2,2
543,0,10
543,1,3
543,2,3
543,3,1
544,2,9
544,3,7
544,0,3
544,1,2
545,0,9
545,1,5
545,2,3
545,3,1
546,1,6
546,0,5
546,3,4
546,2,3
547,2,10
547,1,6
547,3,3
547,0,1
548,0,10
548,1,3
548,2,3
548,3,2
549,0,7
549,2,5
549,1,3
550,0,7
550,2,7
550,3,5
550,1,1
551,1,7
551,2,5
551,0,3
551,3,2
552,0,7
552,1,6
552,3,4
552,2,2
553,0,4
553,2,4
553,3,4
553,1,1
554,3,8
554,2,5
554,0,3
554,1,2
555,1,8
555,0,6
555,3,1
556,0,12
556,1,5
556,2,3
557,0,7
557,2,4
557,1,3
558,1,7
558,2,7
558,0,4
559,1,8
559,2,4
559,0,3
560,0,5
560,1,5
560,2,4
560,3,1
561,0,7
561,2,6
561,1,3
561,3,3
562,0,8
562,3,4
562,1,3
562,2,1
563,1,5
563,2,5
563,3,5
563,0,4
564,0,9
564,1,6
564,2,4
564,3,1
565,1,8
565,2,8
565,0,3
565,3,1
566,0,7
566,3,5
566,1,4
566,2,3
567,2,6
567,0,4
567,3,2
568,0,9
568,2,3
568,1,2
568,3,2
569,2,6
569,0,5
569,3,4
569,1,1
570,2,7
570,3,6
570,1,5
570,0,1
571,3,7
571,2,5
571,1,4
571,0,2
572,2,8
572,0,4
572,1,4
572,3,2
573,3,7
573,2,6
573,0,5
573,1,2
574,0,5
574,1,5
574,2,5
574,3,3
575,0,8
575,2,5
575,3,5
575,1,4
576,0,5
576,2,5
576,3,4
576,1,2
577,2,8
577,3,5
577,1,3
577,0,2
578,0,6
578,1,5
578,2,4
578,3,3
579,2,13
579,3,7
579,0,1
580,2,8
580,1,6
580,3,3
580,0,1
581,1,7
581,2,7
581,0,5
581,3,2
582,0,10
582,1,3
582,2,1
582,3,1
583,2,7
583,1,5
583,3,3
583,0,1
584,0,7
584,3,5
584,2,4
584,1,3
585,1,8
585,0,5
585,3,5
585,2,4
586,0,11
586,1,5
586,2,5
586,3,1
587,2,8
587,1,5
587,0,4
587,3,3
588,2,11
588,3,7
588,1,4
588,0,1
589,0,8
589,2,6
589,1,4
589,3,2
590,0,8
590,2,6
590,1,4
590,3,2
591,2,7
591,3,4
591,0,3
591,1,3
592,2,9
592,1,5
592,0,3
592,3,2
593,0,12
593,1,3
593,2,2
593,3,1
594,0,7
594,1,2
594,2,2
594,3,1
595,2,9
595,1,6
595,0,2
595,3,2
596,0,12
596,1,3
596,2,3
596,3,1
597,0,6
597,3,5
597,2,4
597,1,3
598,2,7
598,0,5
598,3,4
598,1,3
599,2,8
599,0,5
599,1,3
599,3,2
600,1,6
600,2,6
600,0,5
601,2,7
601,0,3
601,1,2
601,3,1
602,0,7
602,2,4
602,1,3
602,3,3
603,1,7
603,0,6
603,3,4
603,2,2
604,0,7
604,1,6
604,2,5
604,3,1
605,0,10
605,2,5
605,1,3
606,2,8
606,0,5
606,1,5
607,1,8
607,0,7
607,2,1
608,0,6
608,2,5
608,1,3
608,3,3
609,1,10
609,2,5
609,0,4
610,1,6
610,0,5
610,2,4
610,3,2
611,0,8
611,1,3
611,2,3
611,3,2
612,2,7
612,3,5
612,1,4
612,0,2
613,0,9
613,2,5
613,3,4
613,1,3
614,0,6
614,2,6
614,3,5
614,1,3
615,0,6
615,1,6
615,2,6
616,0,5
616,1,5
616,3,5
616,2,2
617,1,6
617,2,5
617,3,5
617,0,3
618,0,7
618,3,4
618,1,3
618,2,3
619,0,7
619,1,4
619,2,4
620,0,6
620,2,4
620,3,3
620,1,2
621,2,8
621,3,5
621,0,4
621,1,4
622,2,5
622,3,5
622,0,4
622,1,4
623,1,8
623,3,6
623,2,3
623,0,2
624,0,10
624,1,5
624,2,3
624,3,2
625,1,5
625,2,5
625,3,4
625,0,2
626,0,6
626,2,6
626,1,4
626,3,1
627,2,7
627,3,6
627,0,3
627,1,3
628,1,7
628,2,6
628,0,3
628,3,3
629,0,12
629,1,3
629,2,3
629,3,2
630,1,7
630,2,6
630,0,3
631,0,7
631,1,3
631,3,3
631,2,1
632,2,5
632,0,3
632,1,2
632,3,1
633,2,6
633,0,5
633,3,3
633,1,2
634,1,6
634,2,3
634,0,2
634,3,2
635,0,14
635,1,4
635,2,2
637,1,7
637,2,6
637,3,4
637,0,3
638,0,8
638,1,7
638,2,2
638,3,1
639,1,7
639,0,3
639,3,3
639,2,2
640,2,6
640,3,6
640,1,4
641,2,8
641,1,5
641,0,2
641,3,2
642,0,7
642,2,6
642,3,3
642,1,2
643,0,7
643,1,6
643,2,5
643,3,2
644,0,6
644,1,6
644,3,4
644,2,3
645,2,12
645,3,7
645,0,2
645,1,2
646,0,15
646,1,3
646,2,1
646,3,1
647,2,7
647,1,4
647,3,3
647,0,2
648,1,6
648,0,4
648,2,3
648,3,2
650,1,8
650,2,5
650,3,5
651,0,4
651,1,4
651,2,4
651,3,4
652,2,6
652,0,5
652,1,4
652,3,3
653,0,8
653,1,8
653,2,2
653,3,2
654,2,9
654,3,6
654,0,3
654,1,2
655,2,7
655,0,6
655,1,3
655,3,1
656,0,7
656,2,7
656,1,4
656,3,2
657,0,7
657,2,5
657,3,4
657,1,3
658,0,10
658,1,4
658,2,3
658,3,1
659,0,9
659,1,8
659,2,3
659,3,2
660,2,9
660,0,6
660,1,4
660,3,3
661,2,9
661,3,4
661,0,3
661,1,2
662,0,9
662,3,4
662,2,2
662,1,1
663,0,8
663,2,3
664,0,8
664,1,1
664,2,1
664,3,1
665,0,9
665,1,5
665,2,3
665,3,3
666,1,6
666,3,5
666,2,4
666,0,3
667,0,7
667,1,4
667,3,4
667,2,2
668,0,7
668,2,7
668,1,4
669,2,8
669,1,4
669,3,4
669,0,2
670,2,6
670,0,5
670,1,4
670,3,2
671,0,5
671,3,5
671,1,3
671,2,3
672,2,12
672,1,5
672,0,2
672,3,1
673,0,8
673,1,7
673,2,4
673,3,1
674,0,7
674,2,6
674,1,4
674,3,4
675,3,6
675,2,5
675,1,3
675,0,2
676,2,7
676,0,6
676,1,3
676,3,1
677,1,5
677,3,5
677,0,4
677,2,2
678,1,8
678,2,5
678,0,3
678,3,2
679,2,9
679,0,8
679,3,2
679,1,1
680,0,9
680,1,4
680,2,4
680,3,3
681,1,9
681,2,6
681,0,4
681,3,3
682,1,9
682,0,4
682,2,4
682,3,1
683,2,9
683,0,5
683,1,3
683,3,2
684,0,4
684,2,4
684,3,4
684,1,3
685,0,9
685,1,7
685,2,2
685,3,2
686,0,5
686,1,1
686,3,1
687,2,9
687,1,4
687,0,2
687,3,1
688,1,6
688,2,5
688,3,5
688,0,4
689,2,7
689,1,5
689,0,4
689,3,1
690,0,8
690,1,4
690,2,4
690,3,2
691,3,9
691,2,6
691,1,3
692,0,7
692,2,6
692,1,3
692,3,3
693,0,7
693,2,7
693,1,3
694,0,8
694,2,4
694,1,3
694,3,1
695,0,11
695,2,3
695,1,1
696,0,7
696,2,4
696,3,4
696,1,2
697,0,8
697,2,5
697,1,4
697,3,1
698,1,8
698,2,6
698,3,3
698,0,2
699,0,10
699,1,3
699,2,1
700,0,10
700,2,4
700,3,3
700,1,2
701,0,8
701,1,5
701,2,4
701,3,2
702,0,8
702,2,5
702,1,4
702,3,4
703,1,6
703,0,4
703,2,3
703,3,1
704,2,9
704,1,4
704,0,2
704,3,2
705,0,10
705,2,4
705,1,2
705,3,1
706,0,6
706,1,5
706,2,3
706,3,2
707,0,7
707,1,5
707,2,4
707,3,1
708,3,7
708,0,6
708,1,4
708,2,1
709,0,10
709,1,6
709,2,3
709,3,1
710,3,7
710,0,6
710,1,4
710,2,4
711,1,8
711,2,6
711,0,4
711,3,2
712,1,9
712,0,5
712,2,2
713,1,8
713,0,6
713,2,4
713,3,1
714,2,8
714,0,5
714,1,5
715,0,5
715,1,4
715,2,4
716,2,8
716,1,7
716,0,4
716,3,1
717,0,5
717,2,5
717,1,4
718,2,6
718,0,5
718,1,4
718,3,2
719,2,10
719,0,6
719,1,3
720,1,6
720,2,6
720,3,5
720,0,4
721,3,7
721,2,6
721,0,3
721,1,3
722,1,8
722,0,7
722,2,4
723,0,5
723,2,2
723,3,2
723,1,1
724,1,5
724,2,5
724,0,3
724,3,1
725,0,6
725,1,5
725,3,3
725,2,2
726,0,8
726,2,5
726,1,4
727,2,10
727,0,4
727,1,3
727,3,3
728,0,7
728,1,7
728,2,4
728,3,4
729,0,4
729,1,4
729,3,3
729,2,2
730,0,6
730,1,6
730,2,5
730,3,2
731,3,10
731,1,5
731,2,5
731,0,1
732,2,7
732,3,5
732,0,4
732,1,3
733,2,11
733,0,3
733,1,3
733,3,3
734,2,10
734,0,4
734,1,2
734,3,1
735,2,8
735,0,5
735,1,4
735,3,1
736,0,12
736,1,2
736,2,2
736,3,1
737,0,6
737,1,5
737,2,4
737,3,2
738,0,8
738,3,5
738,1,2
738,2,2
739,3,8
739,0,6
739,1,4
739,2,4
740,2,7
740,1,6
740,0,5
741,0,9
741,1,6
741,2,5
742,2,9
742,0,7
742,3,4
742,1,3
743,0,10
743,1,3
743,2,3
743,3,2
744,0,5
744,1,5
744,2,4
744,3,2
745,2,8
745,0,6
745,1,3
745,3,1
746,0,9
746,1,6
746,2,2
747,0,9
747,1,4
747,2,1
748,2,9
748,0,4
748,1,3
748,3,1
749,2,9
749,0,5
749,1,2
749,3,1
750,2,8
750,0,4
750,1,4
750,3,4
751,2,8
751,1,5
751,3,5
751,0,1
752,2,6
752,0,4
752,1,3
752,3,1
753,3,6
753,1,5
753,0,4
753,2,3
754,3,7
754,1,6
754,2,4
754,0,2
755,0,6
755,2,6
755,1,5
755,3,3
756,0,6
756,3,4
756,2,3
756,1,2
757,1,9
757,0,4
757,2,4
758,2,9
758,0,7
758,1,3
758,3,1
759,2,10
759,0,6
759,1,1
759,3,1
760,1,5
760,0,4
760,3,4
760,2,3
761,0,8
761,2,5
761,1,3
761,3,1
762,2,8
762,3,6
762,0,5
762,1,1
763,0,7
763,2,7
763,1,3
763,3,3
764,0,7
764,1,5
764,2,3
765,3,9
765,2,7
765,1,2
766,1,8
766,0,5
766,2,4
766,3,1
767,2,7
767,1,4
767,3,4
767,0,3
768,2,7
768,1,6
768,3,3
768,0,2
769,0,7
769,1,5
769,2,5
769,3,1
770,0,7
770,1,4
770,2,4
770,3,4
771,0,5
771,1,3
771,2,3
771,3,2
772,0,10
772,1,6
772,2,4
772,3,1
773,1,7
773,2,7
773,0,2
773,3,2
774,2,9
774,0,4
774,1,3
774,3,3
775,0,7
775,2,6
775,3,3
775,1,2
776,0,8
776,1,6
776,2,3
776,3,2
777,0,5
777,2,5
777,1,2
777,3,2
778,3,7
778,0,4
778,1,4
778,2,4
779,2,10
779,0,2
779,1,2
779,3,2
780,0,8
780,1,6
780,2,3
781,1,11
781,0,4
781,2,3
781,3,2
782,0,14
782,2,4
782,1,1
782,3,1
783,0,11
783,1,3
783,2,3
783,3,1
784,0,8
784,1,7
784,2,6
784,3,3
785,0,8
785,1,4
785,2,3
785,3,3
786,0,9
786,2,5
786,1,4
786,3,1
787,1,9
787,0,7
787,2,4
787,3,2
788,3,6
788,0,5
788,1,5
788,2,2
789,0,8
789,1,4
789,2,4
789,3,3
790,0,8
790,2,6
790,1,5
791,2,6
791,0,5
791,3,3
792,2,9
792,0,4
792,1,4
792,3,3
793,0,8
793,2,5
793,1,3
794,0,8
794,2,5
794,1,3
795,0,9
795,2,6
795,1,3
797,3,9
797,2,8
797,0,3
797,1,3
798,0,11
798,2,5
798,1,3
799,0,8
799,2,7
799,1,3
799,3,1
800,0,12
800,1,3
800,2,3
801,0,9
801,2,8
801,3,4
801,1,1
802,1,6
802,0,5
802,2,3
802,3,3
803,1,8
803,2,6
803,3,4
803,0,1
804,0,7
804,2,7
804,1,6
804,3,3
805,1,7
805,3,5
805,2,4
805,0,3
806,0,11
806,1,6
806,2,3
807,1,8
807,0,5
807,2,4
807,3,1
808,0,7
808,3,7
808,2,6
808,1,1
809,0,11
809,1,4
809,2,2
809,3,2
810,2,7
810,0,4
810,1,4
810,3,3
811,2,9
811,3,8
811,1,3
812,0,12
812,1,5
812,2,2
812,3,1
813,2,7
813,3,6
813,0,4
813,1,2
814,0,10
814,2,7
814,1,3
814,3,1
815,0,10
815,2,5
815,1,3
816,2,7
816,1,4
816,0,3
816,3,1
817,2,8
817,1,5
817,3,4
818,2,7
818,0,5
818,3,4
818,1,3
819,1,8
819,0,7
819,2,3
820,0,12
820,1,3
820,2,1
821,2,8
821,3,6
821,0,4
821,1,1
822,1,6
822,0,5
822,2,4
822,3,3
823,1,7
823,2,5
823,3,5
823,0,4
824,0,6
824,1,6
824,2,6
825,0,15
825,1,5
825,2,2
826,0,7
826,1,7
826,2,3
826,3,1
827,2,6
827,3,6
827,1,4
827,0,3
828,1,7
828,2,4
828,3,4
828,0,2
829,0,8
829,2,4
829,1,1
829,3,1
830,0,7
830,1,6
830,2,3
830,3,2
831,2,6
831,3,3
831,0,2
831,1,2
832,0,7
832,3,6
832,2,4
832,1,1
833,0,7
833,2,7
833,1,4
833,3,1
834,1,5
834,2,5
834,3,5
834,0,1
835,0,7
835,1,4
835,3,3
835,2,2
836,2,13
836,1,5
836,0,3
836,3,2
837,2,10
837,0,5
837,1,2
837,3,1
838,1,6
838,2,6
838,3,4
838,0,2
839,1,7
839,2,5
839,3,4
839,0,2
840,0,6
840,1,6
840,2,1
840,3,1
841,0,5
841,1,5
841,2,5
841,3,3
842,2,8
842,0,7
842,1,2
842,3,2
843,0,11
843,1,3
843,2,1
843,3,1
844,0,9
844,1,4
844,2,3
844,3,1
845,2,8
845,3,7
845,0,3
845,1,1
846,0,8
846,1,4
846,2,4
846,3,1
847,0,7
847,1,5
847,2,3
848,0,6
848,1,6
848,2,3
848,3,3
849,1,8
849,2,5
849,3,3
850,2,6
850,0,5
850,1,4
850,3,4
851,2,11
851,1,4
851,0,1
851,3,1
852,2,5
852,0,4
852,1,3
852,3,2
853,1,8
853,2,6
853,3,5
853,0,1
854,0,8
854,2,5
854,1,2
854,3,1
855,2,10
855,1,5
855,0,2
855,3,1
856,0,7
856,2,6
856,1,2
856,3,1
857,0,10
857,1,5
857,2,3
858,1,8
858,2,7
858,3,1
859,1,8
859,0,6
859,3,5
859,2,4
860,0,6
860,1,5
860,2,4
860,3,2
861,2,8
861,0,7
861,1,3
862,1,9
862,2,9
862,3,3
862,0,2
863,0,10
863,1,4
863,3,2
863,2,1
864,0,6
864,2,6
864,1,4
864,3,2
865,2,8
865,0,4
865,3,4
865,1,1
866,0,11
866,1,3
866,2,3
866,3,1
867,1,6
867,2,6
867,0,5
867,3,3
868,0,7
868,1,5
868,2,3
868,3,3
869,1,7
869,2,6
869,0,5
869,3,3
870,2,7
870,0,6
870,3,5
870,1,4
871,0,5
871,1,5
871,2,5
871,3,1
872,0,9
872,2,5
872,3,4
872,1,1
873,0,6
873,1,6
873,2,3
874,0,10
874,2,7
874,1,3
874,3,1
875,0,7
875,1,4
875,2,3
875,3,2
876,2,5
876,1,4
876,3,4
876,0,3
877,0,6
877,2,6
877,1,3
877,3,1
878,0,11
878,1,5
878,3,5
878,2,2
879,0,13
879,1,4
879,2,3
880,1,8
880,0,6
880,2,5
881,0,8
881,1,2
881,2,2
882,0,8
882,1,5
882,2,4
882,3,1
883,2,11
883,0,5
883,1,2
883,3,1
884,0,8
884,1,6
884,2,3
884,3,2
885,2,7
885,0,6
885,3,4
885,1,2
886,1,8
886,0,5
886,2,2
886,3,2
887,0,5
887,2,4
887,3,3
887,1,2
888,1,8
888,2,7
888,3,3
888,0,1
889,0,12
889,2,3
889,1,2
889,3,2
890,1,10
890,2,8
890,0,2
890,3,1
891,0,5
891,1,5
891,2,5
892,2,9
892,1,5
892,0,3
892,3,1
893,0,10
893,1,5
893,2,4
893,3,1
894,0,8
894,2,5
894,1,4
894,3,1
895,2,9
895,1,5
895,3,3
895,0,1
896,0,8
896,1,8
896,2,3
897,0,9
897,1,6
897,2,2
897,3,1
898,0,7
898,2,6
898,1,3
898,3,2
899,2,7
899,1,4
899,3,4
899,0,1
900,0,14
900,1,2
900,2,2
901,1,6
901,2,6
901,3,3
901,0,1
902,0,12
902,3,2
902,2,1
903,0,11
903,1,3
903,2,2
903,3,2
904,2,7
904,1,6
904,0,3
904,3,2
905,0,7
905,2,7
905,1,5
905,3,1
906,0,7
906,1,6
906,2,5
906,3,3
907,0,6
907,2,6
907,1,5
907,3,2
908,0,6
908,1,6
908,2,3
908,3,3
909,2,8
909,3,7
909,0,3
909,1,3
910,2,7
910,1,6
910,0,2
910,3,2
911,2,8
911,0,5
911,1,4
911,3,2
912,2,9
912,3,5
912,0,4
912,1,2
913,0,7
913,2,5
913,1,2
913,3,2
914,2,8
914,0,5
914,1,3
914,3,3
915,0,10
915,1,5
915,2,2
915,3,2
916,3,8
916,2,7
916,1,4
916,0,2
917,2,8
917,1,4
917,0,1
918,1,10
918,3,5
918,0,4
919,0,5
919,2,5
919,3,4
919,1,2
920,2,7
920,0,5
920,1,3
920,3,2
921,2,13
921,1,3
921,3,3
921,0,1
922,2,7
922,1,6
922,0,5
922,3,3
923,0,15
923,3,1
924,2,11
924,1,5
924,3,2
924,0,1
925,2,9
925,1,5
925,0,4
925,3,1
926,0,7
926,1,6
926,2,5
926,3,1
927,0,14
927,1,5
927,2,3
927,3,1
928,0,8
928,1,4
928,2,4
928,3,4
929,2,6
929,3,5
929,0,4
929,1,3
930,1,7
930,3,4
930,0,3
930,2,3
931,0,8
931,2,8
931,1,2
931,3,1
932,1,8
932,0,6
932,2,1
933,0,6
933,2,6
933,1,3
933,3,1
934,0,7
934,2,6
934,1,5
934,3,2
935,0,9
935,1,6
935,2,3
935,3,3
936,2,6
936,1,5
936,3,4
936,0,3
937,2,13
937,1,6
937,3,2
937,0,1
938,2,9
938,1,6
938,3,4
938,0,1
939,2,7
939,1,5
939,0,4
939,3,2
940,1,6
940,2,4
940,0,3
940,3,2
941,2,6
941,3,6
941,0,5
941,1,4
942,0,6
942,1,3
942,2,2
942,3,1
943,1,7
943,3,6
943,0,4
943,2,2
944,0,9
944,1,4
944,2,4
944,3,2
945,0,6
945,2,6
945,1,5
945,3,2
946,2,8
946,1,4
946,3,4
946,0,3
947,0,11
947,1,4
947,2,2
947,3,1
948,3,6
948,1,5
948,2,5
948,0,2
949,0,7
949,1,6
949,3,3
949,2,2
950,0,10
950,1,4
950,2,4
950,3,3
951,2,10
951,3,7
951,1,3
951,0,1
952,2,7
952,1,4
952,0,2
952,3,2
953,0,7
953,1,3
953,2,3
953,3,2
954,0,11
954,1,3
954,3,2
955,2,10
955,0,3
955,1,3
955,3,3
956,1,5
956,3,5
956,0,3
956,2,3
957,0,9
957,2,8
957,1,2
957,3,1
958,0,13
958,1,3
958,2,3
958,3,1
959,2,6
959,3,5
959,1,4
959,0,3
960,0,8
960,1,8
960,2,4
960,3,1
961,1,8
961,0,4
961,2,4
961,3,4
962,0,6
962,1,4
962,2,4
962,3,1
963,0,4
963,1,4
963,2,3
963,3,3
964,1,6
964,2,5
964,0,4
964,3,3
965,0,5
965,1,5
965,2,5
965,3,1
966,1,7
966,0,6
966,2,2
966,3,1
967,0,8
967,1,7
967,2,3
967,3,2
968,1,7
968,2,5
968,3,5
968,0,2
969,2,6
969,3,6
969,0,3
969,1,2
970,0,8
970,2,5
970,1,4
970,3,2
971,2,10
971,0,6
971,3,4
971,1,3
972,0,10
972,2,6
972,1,5
973,0,9
973,1,6
973,2,2
973,3,2
974,0,8
974,3,3
974,1,1
974,2,1
975,2,9
975,1,5
975,3,4
975,0,3
976,2,6
976,0,5
976,1,2
976,3,2
977,0,11
977,1,2
977,2,1
977,3,1
978,0,5
978,1,5
978,2,4
978,3,4
980,0,10
980,1,4
980,2,4
980,3,3
981,0,10
981,2,2
982,2,7
982,3,5
982,0,4
982,1,3
983,0,6
983,2,5
983,1,2
983,3,1
984,1,7
984,2,6
984,0,4
985,2,7
985,1,6
985,3,3
985,0,2
986,0,6
986,1,5
986,2,3
986,3,3
987,2,8
987,0,7
987,1,3
988,1,8
988,2,7
988,0,3
989,0,7
989,2,5
989,1,4
989,3,2
990,1,7
990,2,7
990,0,6
990,3,1
991,2,8
991,1,6
991,0,3
991,3,3
992,1,9
992,0,3
992,2,3
992,3,2
993,2,10
993,3,6
993,0,3
993,1,3
994,1,10
994,0,5
994,2,3
994,3,2
995,0,11
995,2,2
995,1,1
995,3,1
996,2,7
996,1,6
996,0,5
996,3,4
997,0,7
997,1,5
997,2,3
997,3,2
998,0,7
998,1,4
998,2,4
998,3,3
999,0,8
999,2,4
999,1,3
1000,2,7
1000,1,4
1000,3,4
1000,0,3
1001,2,8
1001,0,6
1001,1,3
1001,3,2
1002,1,8
1002,2,8
1002,3,5
1002,0,2
1003,2,7
1003,3,5
1003,0,4
1003,1,3
1004,2,6
1004,0,5
1004,1,4
1005,2,8
1005,1,7
1005,3,2
1005,0,1
1006,2,12
1006,0,3
1006,3,3
1006,1,1
1007,0,8
1007,1,5
1007,3,3
1007,2,1
1008,1,6
1008,2,6
1008,3,3
1009,0,6
1009,1,6
1009,2,6
1009,3,1
1010,0,5
1010,1,2
1010,3,1
1011,0,8
1011,2,5
1011,1,4
1012,1,6
1012,2,6
1012,0,4
1012,3,1
1013,3,5
1013,0,3
1013,1,2
1013,2,2
1014,0,5
1014,2,5
1014,3,5
1014,1,3
1015,0,7
1015,1,5
1015,2,3
1015,3,1
1016,0,6
1016,2,6
1016,3,4
1016,1,3
1017,0,7
1017,2,3
1017,1,2
1017,3,1
1018,2,8
1018,0,6
1018,1,4
1018,3,1
1019,2,7
1019,1,6
1019,0,3
1019,3,3
1020,0,6
1020,2,6
1020,1,4
1020,3,2
1021,2,8
1021,0,5
1021,1,3
1021,3,3
1022,2,7
1022,3,6
1022,1,4
1022,0,2
1023,2,7
1023,0,4
1023,1,3
1023,3,3
1024,0,6
1024,1,6
1024,2,6
1024,3,3
1025,0,8
1025,1,6
1025,3,1
1026,1,7
1026,0,6
1026,2,5
1026,3,2
1027,2,10
1027,0,5
1027,1,2
1027,3,2
1028,2,7
1028,0,5
1028,1,3
1028,3,2
1029,0,8
1029,1,6
1029,2,3
1030,2,6
1030,0,4
1030,1,3
1030,3,3
1031,2,9
1031,3,7
1031,0,5
1031,1,1
1032,2,9
1032,0,2
1032,1,2
1032,3,1
1033,0,8
1033,2,6
1033,3,6
1033,1,2
1034,1,6
1034,3,6
1034,2,4
1034,0,3
1035,1,9
1035,2,4
1035,3,3
1035,0,1
1036,0,8
1036,1,4
1036,2,4
1036,3,3
1037,0,5
1037,1,3
1037,2,3
1038,0,6
1038,2,6
1038,1,1
1038,3,1
1039,1,8
1039,3,8
1039,2,5
1039,0,1
1040,2,6
1040,3,4
1040,0,3
1040,1,2
1041,2,6
1041,0,5
1041,3,5
1041,1,2
1042,0,11
1042,2,4
1042,1,3
1042,3,2
1043,2,6
1043,0,5
1043,1,2
1043,3,1
1044,0,7
1044,2,6
1044,1,4
1045,2,9
1045,1,7
1045,3,1
1046,0,6
1046,2,4
1046,3,4
1046,1,3
1047,3,7
1047,1,6
1047,2,4
1047,0,2
1048,0,9
1048,2,5
1048,1,3
1049,2,12
1049,1,7
1049,3,2
1049,0,1
1050,1,7
1050,2,5
1050,3,4
1050,0,2
1051,1,9
1051,2,4
1051,3,4
1051,0,3
1052,0,8
1052,1,2
1052,2,2
1052,3,2
1053,2,12
1053,0,4
1053,1,1
1053,3,1
1054,0,9
1054,1,4
1054,2,1
1054,3,1
1055,0,6
1055,2,4
1055,1,3
1055,3,3
1056,0,5
1056,2,4
1056,1,3
1056,3,2
1057,1,7
1057,0,5
1057,2,5
1057,3,2
1058,1,7
1058,0,5
1058,2,3
1058,3,3
1059,0,7
1059,1,5
1059,2,1
1060,3,7
1060,0,6
1060,2,6
1060,1,3
1061,1,6
1061,0,4
1061,2,4
1061,3,4
1062,1,6
1062,0,5
1062,2,4
1062,3,4
1063,0,9
1063,1,9
1063,2,2
1063,3,1
1064,0,6
1064,1,6
1064,2,3
1064,3,2
1065,0,5
1065,2,5
1065,1,4
1066,0,5
1066,2,5
1066,1,4
1067,0,6
1067,1,6
1067,2,6
1067,3,3
1068,2,6
1068,3,6
1068,0,4
1068,1,3
1069,1,6
1069,0,4
1069,3,4
1069,2,3
1070,2,9
1070,3,8
1070,0,3
1070,1,2
1071,2,8
1071,1,7
1071,0,5
1071,3,1
1072,0,10
1072,1,2
1072,2,1
1072,3,1
1073,1,5
1073,2,5
1073,3,3
1073,0,2
1074,2,7
1074,3,4
1074,0,3
1074,1,1
1075,2,6
1075,1,5
1075,0,3
1075,3,1
1076,0,5
1076,3,5
1076,2,3
1076,1,2
1077,0,10
1077,2,5
1077,1,2
1078,2,7
1078,0,4
1078,1,3
1078,3,3
1079,2,5
1079,0,4
1079,1,4
1079,3,4
1080,3,8
1080,2,5
1080,0,4
1080,1,3
1081,0,8
1081,2,4
1081,1,3
1082,2,8
1082,1,7
1082,0,5
1082,3,1
1083,2,8
1083,1,7
1083,0,1
1083,3,1
1084,0,11
1084,1,2
1084,2,2
1084,3,1
1085,2,8
1085,3,5
1085,1,3
1085,0,1
1086,0,8
1086,2,3
1086,1,2
1086,3,2
1087,2,8
1087,1,5
1087,3,4
1087,0,1
1088,1,7
1088,2,4
1088,0,3
1088,3,2
1089,2,6
1089,0,4
1089,3,4
1089,1,1
1090,0,9
1090,1,4
1090,2,4
1090,3,3
1091,0,4
1091,2,4
1091,1,3
1091,3,1
1092,2,6
1092,3,6
1092,1,4
1092,0,1
1093,0,7
1093,1,7
1093,2,5
1093,3,1
1094,0,9
1094,2,3
1094,1,2
1094,3,1
1095,0,5
1095,1,5
1095,3,5
1095,2,4
1096,1,9
1096,2,4
1096,3,4
1096,0,3
1097,1,7
1097,2,6
1097,3,4
1097,0,1
1098,2,6
1098,0,5
1098,1,5
1098,3,2
1099,2,9
1099,0,5
1099,1,3
1099,3,2
1100,0,5
1100,1,5
1100,2,5
1100,3,2
1101,3,6
1101,0,4
1101,2,4
1101,1,3
1102,0,5
1102,1,4
1102,2,4
1102,3,3
1103,2,7
1103,0,4
1103,3,4
1103,1,3
1104,0,10
1104,2,4
1104,1,3
1104,3,1
1105,1,8
1105,0,7
1105,2,6
1105,3,1
1106,0,7
1106,1,3
1106,2,3
1106,3,3
1107,2,8
1107,1,5
1107,0,3
1107,3,2
1108,2,6
1108,1,5
1108,0,4
1108,3,1
1109,1,5
1109,2,5
1109,0,4
1110,2,8
1110,0,5
1110,1,5
1110,3,1
1111,2,8
1111,0,6
1111,1,3
1111,3,3
1112,1,8
1112,0,5
1112,3,3
1112,2,2
1113,0,10
1113,2,6
1113,1,2
1113,3,2
1114,0,9
1114,3,6
1114,2,5
1114,1,1
1115,0,7
1115,3,5
1115,1,4
1115,2,4
1116,2,8
1116,0,5
1116,1,3
1116,3,1
1117,2,6
1117,1,5
1117,0,4
1117,3,4
1118,2,9
1118,0,8
1118,1,4
1119,1,5
1119,2,5
1119,0,3
1119,3,2
1120,2,7
1120,0,5
1120,3,3
1120,1,2
1121,0,8
1121,2,6
1121,1,4
1121,3,1
1122,0,9
1122,1,4
1122,3,2
1122,2,1
1123,2,7
1123,0,6
1123,3,3
1123,1,2
1124,2,6
1124,0,5
1124,3,4
1124,1,2
1125,1,7
1125,2,7
1125,3,3
1125,0,2
1126,0,10
1126,2,5
1126,1,2
1127,2,6
1127,3,3
1127,0,2
1127,1,2
1128,2,6
1128,3,6
1128,1,4
1128,0,3
1129,0,5
1129,1,5
1129,2,5
1129,3,3
1130,0,5
1130,2,4
1130,3,3
1130,1,1
1131,0,6
1131,3,4
1131,2,2
1131,1,1
1132,2,8
1132,0,5
1132,3,3
1132,1,2
1133,2,9
1133,0,4
1133,1,2
1133,3,1
1134,0,8
1134,2,4
1134,1,3
1134,3,3
1135,0,5
1135,1,4
1135,2,3
1135,3,3
1136,1,11
1136,0,5
1136,2,4
1137,3,7
1137,0,4
1137,2,3
1137,1,2
1138,0,11
1138,2,3
1138,3,2
1138,1,1
1139,2,10
1139,0,6
1139,1,4
1139,3,1
1140,0,8
1140,2,7
1140,1,4
1141,2,9
1141,0,5
1141,1,4
1141,3,3
1142,0,6
1142,1,5
1142,2,4
1142,3,3
1143,0,9
1143,2,2
1143,3,2
1143,1,1
1144,1,5
1144,3,5
1144,0,4
1144,2,4
1145,2,8
1145,1,6
1145,3,3
1145,0,1
1146,1,6
1146,2,6
1146,3,6
1147,0,6
1147,1,6
1147,2,4
1147,3,3
1148,0,8
1148,1,8
1148,2,2
1148,3,2
1149,1,8
1149,0,6
1149,2,3
1150,2,6
1150,3,6
1150,0,5
1150,1,3
1151,0,4
1151,1,4
1151,2,4
1151,3,4
1152,1,6
1152,3,6
1152,2,5
1152,0,3
1153,2,8
1153,0,6
1153,1,3
1153,3,2
1154,0,7
1154,2,6
1154,3,6
1154,1,2
1155,2,13
1155,0,3
1155,1,3
1155,3,2
1156,2,11
1156,1,5
1156,0,3
1156,3,1
1157,0,6
1157,2,6
1157,1,3
1157,3,2
1158,2,8
1158,0,4
1158,1,4
1158,3,2
1159,1,7
1159,3,6
1159,2,5
1159,0,1
1160,2,7
1160,0,4
1160,1,3
1160,3,3
1161,1,6
1161,0,5
1161,2,3
1161,3,2
1162,0,11
1162,1,7
1162,2,2
1163,0,6
1163,1,4
1163,2,4
1163,3,4
1164,1,6
1164,2,5
1164,3,5
1164,0,3
1165,0,13
1165,1,4
1165,2,3
1166,2,7
1166,0,4
1166,1,4
1166,3,3
1167,0,8
1167,2,5
1167,1,3
1167,3,3
1168,0,6
1168,1,5
1168,2,4
1168,3,4
1169,2,6
1169,0,5
1169,1,3
1169,3,2
1170,1,9
1170,2,6
1170,0,3
1170,3,2
1171,0,4
1171,2,4
1171,3,3
1171,1,2
1172,3,8
1172,1,5
1172,2,4
1172,0,3
1173,2,8
1173,3,6
1173,1,4
1173,0,1
1174,0,9
1174,1,5
1174,2,3
1175,2,10
1175,1,4
1175,0,3
1175,3,1
1176,0,8
1176,1,3
1176,2,3
1178,1,8
1178,2,5
1178,0,3
1178,3,2
1179,0,11
1179,2,3
1179,1,2
1179,3,1
1180,2,9
1180,0,5
1180,1,4
1180,3,1
1181,1,9
1181,0,3
1181,2,2
1181,3,2
1182,2,8
1182,0,7
1182,1,4
1182,3,1
1183,2,9
1183,1,5
1183,0,3
1183,3,2
1184,1,6
1184,0,5
1184,2,4
1184,3,4
1185,2,8
1185,0,5
1185,1,3
1186,1,7
1186,0,6
1186,2,6
1187,1,6
1187,0,4
1187,2,3
1187,3,2
1188,0,7
1188,2,5
1188,3,3
1188,1,2
1189,0,8
1189,1,5
1189,2,4
1190,1,8
1190,3,6
1190,2,4
1190,0,3
1191,1,4
1191,2,4
1191,0,3
1191,3,2
1192,2,5
1192,3,4
1192,0,2
1192,1,1
1193,2,8
1193,1,5
1193,3,4
1193,0,2
1194,2,9
1194,0,7
1194,1,3
1194,3,2
1195,0,12
1195,1,2
1195,2,2
1195,3,2
1196,0,15
1196,1,3
1196,2,2
1197,1,5
1197,0,4
1197,2,3
1197,3,2
1198,1,6
1198,0,5
1198,2,5
1198,3,1
1199,0,6
1199,2,3
1199,1,1
1199,3,1
1200,0,11
1200,2,5
1200,1,4
1200,3,3
1201,0,8
1201,1,3
1201,2,3
1201,3,3
1202,0,5
1202,2,5
1202,1,3
1202,3,3
1203,1,8
1203,2,5
1203,3,4
1203,0,2
1204,0,10
1204,1,5
1204,2,3
1204,3,2
1205,1,7
1205,0,5
1205,2,5
1205,3,1
1206,0,6
1206,2,3
1206,1,1
1207,0,7
1207,2,5
1207,1,3
1207,3,2
1208,0,13
1208,1,6
1209,0,8
1209,3,4
1209,1,3
1209,2,3
1210,2,7
1210,1,5
1210,0,2
1210,3,2
1211,0,11
1211,1,4
1211,2,4
1211,3,1
1212,0,11
1212,1,3
1212,2,2
1212,3,2
1213,0,5
1213,1,5
1213,2,5
1213,3,5
1214,1,8
1214,2,6
1214,3,3
1214,0,1
1215,2,7
1215,3,7
1215,0,3
1215,1,3
1216,0,6
1216,1,4
1216,2,3
1216,3,1
1217,2,6
1217,0,5
1217,1,5
1217,3,4
1218,0,7
1218,2,5
1218,1,4
1218,3,3
1219,2,8
1219,1,6
1219,0,4
1219,3,3
1220,2,8
1220,0,5
1220,1,2
1220,3,2
1221,0,9
1221,1,7
1221,2,2
1221,3,1
1222,1,9
1222,2,5
1222,0,3
1222,3,1
1223,0,9
1223,1,5
1223,2,3
1224,2,6
1224,1,4
1224,0,3
1224,3,3
1225,2,9
1225,1,8
1225,0,3
1225,3,2
1226,0,6
1226,2,5
1226,1,3
1226,3,1
1227,0,8
1227,1,5
1227,2,5
1227,3,1
1228,0,9
1228,1,6
1228,2,4
1229,3,9
1229,2,7
1229,1,5
1229,0,1
1230,0,8
1230,2,5
1230,3,5
1230,1,4
1231,0,11
1231,2,7
1231,1,3
1231,3,1
1232,2,8
1232,1,5
1232,3,5
1232,0,3
1233,2,6
1233,3,5
1233,1,4
1233,0,3
1234,3,6
1234,0,5
1234,1,5
1234,2,2
1235,0,8
1235,1,5
1235,3,3
1235,2,2
1236,1,9
1236,2,8
1236,0,2
1236,3,2
1237,0,12
1237,1,3
1237,2,1
1237,3,1
1238,0,5
1238,2,4
1238,3,3
1238,1,2
1239,2,9
1239,1,6
1239,0,5
1239,3,2
1240,0,6
1240,2,5
1240,1,3
1240,3,2
1241,0,8
1241,2,5
1241,1,4
1241,3,2
1242,1,6
1242,2,6
1242,0,4
1242,3,1
1243,2,10
1243,3,7
1243,1,3
1243,0,1
1244,1,7
1244,0,6
1244,2,4
1245,0,11
1245,1,5
1245,2,3
1245,3,1
1246,2,7
1246,0,6
1246,3,3
1247,2,7
1247,1,4
1247,0,3
1247,3,2
1248,2,8
1248,1,5
1248,3,5
1248,0,3
1249,0,5
1249,2,5
1249,1,3
1249,3,3
1250,2,8
1250,0,5
1250,3,3
1250,1,2
1251,0,16
1251,1,5
1252,0,12
1252,1,6
1252,2,3
1252,3,1
1253,1,9
1253,0,8
1253,2,3
1253,3,2
1254,0,10
1254,1,4
1254,2,3
1254,3,3
1255,0,8
1255,1,5
1255,2,2
1255,3,2
1256,1,8
1256,2,6
1256,0,5
1256,3,1
1257,1,7
1257,2,6
1257,0,4
1257,3,1
1258,1,9
1258,2,6
1258,0,2
1258,3,2
1259,2,9
1259,1,4
1259,0,3
1259,3,3
1260,0,10
1260,2,3
1260,1,2
1260,3,1
1261,0,8
1261,2,8
1261,1,5
1261,3,1
1262,0,8
1262,1,5
1262,3,1
1263,0,8
1263,1,8
1263,2,1
1263,3,1
1264,0,10
1264,2,4
1264,1,3
1264,3,1
1265,1,9
1265,2,3
1265,0,2
1265,3,2
1266,2,10
1266,1,4
1266,0,2
1266,3,2
1267,2,8
1267,0,5
1267,3,4
1267,1,3
1268,0,8
1268,1,6
1268,2,3
1268,3,1
1269,0,12
1269,1,5
1270,1,9
1270,2,6
1270,3,2
1270,0,1
1271,0,13
1271,1,2
1271,2,1
1272,2,12
1272,1,4
1272,0,3
1272,3,3
1273,1,6
1273,0,5
1273,2,2
1273,3,1
1274,3,5
1274,0,4
1274,1,4
1274,2,3
1275,0,6
1275,3,4
1275,1,3
1275,2,2
1276,0,5
1276,2,5
1276,3,5
1276,1,1
1277,2,9
1277,0,6
1277,3,2
1277,1,1
1278,0,7
1278,1,5
1278,2,3
1278,3,3
1279,0,7
1279,1,4
1279,2,4
1279,3,2
1280,0,8
1280,1,4
1280,2,3
1280,3,1
1281,2,7
1281,0,4
1281,1,3
1281,3,2
1282,2,9
1282,3,5
1282,0,4
1282,1,2
1283,0,7
1283,1,6
1283,2,4
1283,3,3
1284,2,6
1284,0,5
1284,3,3
1284,1,2
1285,1,6
1285,2,5
1285,3,3
1285,0,1
1286,2,10
1286,1,6
1286,0,5
1286,3,3
1287,2,8
1287,0,6
1287,1,4
1287,3,2
1288,1,6
1288,2,6
1288,0,5
1288,3,1
1289,2,8
1289,0,5
1289,3,2
1289,1,1
1290,2,7
1290,0,5
1290,1,3
1290,3,2
1291,3,5
1291,0,3
1291,1,3
1291,2,3
1292,0,12
1292,1,6
1292,2,3
1292,3,1
1293,2,8
1293,1,6
1293,0,5
1293,3,1
1294,1,5
1294,2,5
1294,0,2
1294,3,1
1295,1,6
1295,2,6
1295,0,4
1295,3,3
1296,2,8
1296,0,5
1296,1,5
1296,3,1
1297,1,5
1297,0,4
1297,3,2
1297,2,1
1298,0,6
1298,1,4
1298,2,4
1298,3,2
1299,0,6
1299,3,6
1299,1,4
1299,2,3
1300,2,9
1300,1,8
1300,0,2
1300,3,2
1301,2,10
1301,1,5
1301,0,4
1301,3,3
1302,3,9
1302,1,4
1302,2,4
1302,0,1
1303,0,12
1303,1,4
1303,2,2
1304,0,6
1304,1,6
1304,3,3
1304,2,2
1305,3,5
1305,0,4
1305,2,4
1305,1,3
1306,0,11
1306,1,3
1306,2,1
1306,3,1
1307,1,6
1307,2,6
1307,0,2
1307,3,1
1308,0,3
1308,2,3
1308,3,3
1308,1,2
1309,0,7
1309,2,6
1309,1,3
1309,3,1
1310,1,6
1310,3,5
1310,2,4
1310,0,3
1311,1,7
1311,0,6
1311,2,2
1312,2,11
1312,0,3
1312,1,3
1312,3,3
1313,0,10
1313,2,3
1313,1,2
1314,2,8
1314,3,5
1314,0,4
1314,1,3
1315,0,9
1315,2,4
1315,1,3
1315,3,1
1316,2,8
1316,0,5
1316,1,5
1316,3,3
1317,0,9
1317,2,3
1317,1,1
1317,3,1
1318,0,7
1318,1,7
1318,2,2
1318,3,1
1319,0,6
1319,1,4
1319,3,3
1319,2,2
1320,2,10
1320,3,3
1320,0,1
1321,2,9
1321,3,6
1321,0,2
1321,1,1
1322,0,5
1322,1,5
1322,2,5
1322,3,2
1323,0,8
1323,2,5
1323,1,2
1323,3,1
1324,1,8
1324,0,7
1324,2,4
1324,3,2
1325,2,8
1325,3,6
1325,0,4
1325,1,1
1326,0,6
1326,1,6
1326,2,6
1327,3,6
1327,1,5
1327,0,4
1327,2,4
1328,0,11
1328,1,6
1328,2,2
1329,3,5
1329,0,4
1329,2,4
1329,1,1
1330,0,7
1330,1,4
1330,2,3
1330,3,3
1331,3,5
1331,1,3
1331,0,2
1331,2,2
1332,0,7
1332,1,5
1332,2,3
1332,3,1
1333,0,12
1333,1,4
1333,2,2
1333,3,1
1334,2,11
1334,1,6
1334,0,3
1334,3,3
1335,0,10
1335,2,7
1335,3,2
1335,1,1
1336,1,6
1336,0,4
1336,2,4
1336,3,2
1337,0,11
1337,2,3
1337,1,1
1337,3,1
1338,2,12
1338,1,4
1338,3,3
1338,0,2
1340,0,6
1340,2,6
1340,1,5
1340,3,1
1341,2,7
1341,0,5
1341,1,4
1341,3,4
1342,2,7
1342,1,6
1342,3,5
1342,0,1
1343,1,7
1343,2,5
1343,0,3
1343,3,1
1344,0,9
1344,3,5
1344,2,4
1345,2,9
1345,0,5
1345,1,4
1345,3,2
1346,0,7
1346,2,7
1346,1,4
1346,3,1
1347,0,7
1347,1,6
1347,2,2
1348,1,7
1348,2,5
1348,0,4
1348,3,2
1349,0,9
1349,1,6
1349,2,2
1350,2,10
1350,3,5
1350,0,3
1350,1,3
1351,1,5
1351,2,5
1351,0,3
1351,3,3
1352,0,9
1352,1,6
1352,2,5
1353,2,7
1353,3,5
1353,0,4
1353,1,4
1354,0,9
1354,1,8
1354,3,3
1354,2,2
1355,0,7
1355,2,6
1355,1,2
1355,3,2
1356,2,8
1356,1,4
1356,3,4
1356,0,3
1357,0,9
1357,1,6
1357,2,3
1357,3,3
1358,1,10
1358,0,4
1358,2,4
1358,3,2
1359,0,8
1359,2,5
1359,1,3
1359,3,3
1361,2,8
1361,1,5
1361,3,3
1361,0,2
1362,1,7
1362,2,6
1362,3,4
1363,0,5
1363,2,5
1363,1,4
1363,3,4
1364,0,9
1364,1,3
1364,3,2
1364,2,1
1365,0,9
1365,3,3
1365,1,1
1365,2,1
1366,2,7
1366,0,4
1366,1,4
1366,3,4
1367,0,7
1367,2,1
1368,0,7
1368,2,3
1368,1,2
1368,3,2
1369,0,10
1369,1,5
1369,2,1
1369,3,1
1370,1,10
1370,0,7
1370,2,5
1371,1,8
1371,2,7
1371,0,4
1371,3,1
1372,0,14
1372,1,5
1372,3,1
1373,0,7
1373,1,2
1373,2,2
1373,3,1
1374,2,8
1374,0,5
1374,1,4
1374,3,3
1375,1,6
1375,2,6
1375,3,5
1375,0,3
1376,2,7
1376,0,4
1376,1,4
1376,3,1
1377,1,7
1377,2,4
1377,3,4
1377,0,3
1378,0,8
1378,1,3
1378,2,3
1378,3,1
1379,3,9
1379,1,5
1379,2,5
1380,2,8
1380,1,6
1380,3,4
1380,0,2
1381,1,8
1381,2,7
1381,0,1
1381,3,1
1382,1,8
1382,0,5
1382,2,5
1382,3,2
1383,0,6
1383,1,5
1383,3,4
1383,2,3
1384,1,8
1384,2,5
1384,0,2
1384,3,2
1385,2,8
1385,1,5
1385,0,4
1385,3,1
1386,0,9
1386,1,6
1386,2,4
1387,2,7
1387,1,5
1387,0,4
1387,3,3
1388,0,10
1388,1,4
1388,3,3
1388,2,2
1389,2,9
1389,0,4
1389,1,3
1389,3,3
1390,1,9
1390,2,4
1390,0,3
1390,3,1
1391,0,6
1391,1,5
1391,3,2
1392,0,7
1392,1,4
1392,3,3
1392,2,1
1393,0,4
1393,3,4
1393,1,3
1393,2,2
1394,2,10
1394,0,5
1394,1,5
1394,3,2
1395,0,8
1395,1,8
1395,2,2
1395,3,1
1396,0,6
1396,1,5
1396,2,5
1396,3,3
1397,2,8
1397,3,5
1397,1,4
1397,0,2
1398,0,7
1398,2,5
1398,1,4
1398,3,2
1399,2,8
1399,1,7
1399,3,4
1399,0,3
1400,1,7
1400,0,6
1400,2,4
1400,3,3
1401,2,7
1401,1,6
1401,3,4
1402,0,7
1402,1,5
1402,3,3
1402,2,2
1403,0,6
1403,1,5
1403,2,4
1403,3,3
1404,0,6
1404,1,6
1404,2,6
1404,3,4
1405,0,11
1405,2,4
1405,1,3
1406,2,8
1406,3,5
1406,0,4
1406,1,2
1407,2,10
1407,1,5
1407,0,4
1407,3,3
1408,0,7
1408,1,5
1408,2,4
1408,3,4
1409,2,5
1409,0,4
1409,1,2
1409,3,2
1410,0,7
1410,1,4
1410,3,3
1410,2,2
1411,0,15
1411,1,5
1412,0,8
1412,1,4
1412,2,1
1414,2,8
1414,0,4
1414,3,2
1414,1,1
1415,0,6
1415,2,6
1415,1,4
1415,3,3
1416,0,10
1416,1,3
1416,2,3
1416,3,2
1417,0,12
1417,2,3
1417,1,2
1417,3,2
1418,0,6
1418,1,5
1418,2,5
1418,3,1
1419,1,7
1419,2,5
1419,0,3
1419,3,3
1421,0,8
1421,1,4
1421,2,2
1423,2,8
1423,3,6
1423,0,4
1423,1,2
1424,0,6
1424,1,3
1424,2,2
